P2
32 30
255
188 29 92 167 185 72 135 240 133 253
158 62 238 120 209 102 202 42 110 208
136 126 82 49 193 32 241 37 92 149
172 200 132 140 247 92 63 52 5 173
64 5 135 83 101 246 138 218 251 88
197 2 150 64 186 126 186 210 150 29
120 129 37 2 34 25 129 161 80 101
236 106 237 71 82 81 83 70 107 198
81 249 123 136 60 108 82 174 254 4
201 221 163 163 52 178 111 125 124 2
148 110 64 34 235 69 65 29 171 71
91 179 115 24 13 48 45 225 255 154
234 27 222 134 247 158 162 168 3 90
242 204 29 131 147 84 200 93 92 223
86 77 196 27 87 171 17 204 181 194
104 242 1 220 215 16 126 199 179 131
149 250 217 23 10 46 17 220 115 63
142 2 55 186 162 85 208 35 61 234
175 21 170 26 5 132 90 208 127 200
191 178 72 237 249 229 238 95 209 229
135 226 37 75 50 186 196 112 115 106
127 214 125 29 253 42 69 6 12 234
87 218 65 84 136 48 106 197 152 201
214 72 135 162 226 37 131 73 24 87
43 13 164 97 187 62 96 139 128 191
160 121 118 172 217 175 144 4 88 158
177 170 154 146 170 125 15 146 249 100
68 29 8 154 206 188 171 93 158 41
229 206 33 161 246 124 208 231 94 0
1 119 140 194 46 95 164 178 135 97
154 239 32 61 82 232 26 91 22 132
198 119 150 190 157 69 39 139 228 226
173 130 78 96 81 221 4 200 63 71
201 10 111 114 245 122 30 71 95 65
219 110 70 233 118 89 145 1 237 155
27 65 24 233 88 60 98 88 47 165
8 235 174 154 60 229 101 16 86 92
61 0 171 179 101 229 241 22 49 99
218 35 127 198 41 45 185 202 71 31
180 131 206 163 71 242 126 210 147 240
121 55 10 165 62 127 74 220 165 213
235 62 250 128 204 172 191 103 129 113
27 249 49 116 231 244 157 43 70 221
187 235 133 121 86 165 14 248 177 14
130 97 50 230 178 44 204 152 135 134
109 226 78 16 239 200 171 238 185 216
46 30 215 1 0 8 78 0 15 244
97 24 140 193 88 82 128 129 166 19
74 58 78 226 110 100 208 115 137 80
66 191 218 132 16 192 127 248 176 246
83 179 122 43 156 254 158 34 129 221
230 209 178 40 13 71 68 115 64 47
104 94 127 128 57 141 121 162 233 28
176 149 138 72 249 44 26 64 102 49
252 204 134 108 87 62 204 200 182 79
136 194 127 206 235 119 235 157 179 244
214 136 164 57 48 1 20 174 12 80
82 220 94 138 230 7 223 189 233 152
103 133 179 103 110 46 218 46 105 52
90 132 239 36 59 206 165 168 232 222
85 223 63 209 20 246 128 90 49 70
152 63 79 79 93 38 129 62 78 197
94 201 254 19 223 129 151 98 55 91
162 85 232 92 136 219 157 16 76 215
99 123 1 209 190 73 152 164 65 197
136 84 157 248 84 203 150 76 70 95
53 247 29 0 24 86 227 106 121 139
92 83 81 6 121 104 151 232 31 237
133 190 178 21 245 110 1 101 147 78
147 73 118 200 19 89 9 202 117 153
137 105 226 200 54 58 1 203 147 15
165 203 201 246 210 153 227 107 25 114
54 88 33 250 98 190 207 42 152 189
112 169 158 214 32 156 47 242 45 242
58 126 26 15 212 91 104 28 10 3
197 172 218 64 123 107 208 124 60 141
114 54 131 88 151 141 186 160 223 179
139 82 243 0 202 40 10 112 254 174
252 148 118 118 151 175 87 214 121 66
74 136 197 188 23 103 149 34 156 233
248 161 121 174 2 22 155 55 146 176
155 2 133 97 127 75 31 131 153 216
174 136 120 84 120 186 74 136 96 207
238 92 105 65 125 254 184 226 241 146
207 236 6 134 60 239 125 218 83 201
172 211 239 219 46 78 168 206 177 89
99 237 228 129 77 75 253 108 232 188
180 245 102 226 67 84 171 64 37 142
143 189 141 109 199 66 113 188 169 245
167 82 193 67 82 216 74 56 118 183
216 47 223 54 20 131 183 74 180 87
157 238 92 165 163 75 35 105 73 216
82 12 148 220 8 20 216 143 97 242
85 113 18 225 194 241 86 68 160 135
178 228 102 25 68 81 203 244 17 250
83 204 213 40 178 183 233 36 250 104

