P2
32 30
255
80 96 112 116 122 134 128 146 140 137
140 138 133 141 139 142 138 132 133 135
137 127 129 126 122 124 122 123 121 122
123 124 124 116 131 126 119 136 122 122
138 133 136 139 131 136 132 136 135 128
126 121 124 122 122 123 117 120 117 118
120 118 124 123 125 121 121 118 110 124
107 118 128 128 129 128 130 135 137 139
132 125 121 115 116 119 115 117 117 119
118 119 120 120 124 125 125 104 117 122
119 120 124 136 131 136 136 135 136 134
129 126 127 120 116 114 114 113 109 114
124 124 122 122 124 126 125 126 127 106
117 116 117 124 124 129 113 116 134 130
140 137 131 127 119 108 107 110 109 106
108 114 128 132 121 119 119 122 123 124
124 105 102 105 123 125 121 126 127 130
127 131 140 134 129 126 122 110 105 110
126 114 107 107 126 142 125 116 117 120
119 123 120 110 113 131 110 126 105 121
122 124 132 148 118 96 117 148 146 132
146 140 135 125 117 109 114 137 127 119
118 121 123 127 127 113 106 126 119 140
125 128 120 105 115 117 98 119 147 155
135 137 139 130 127 125 127 128 117 128
123 123 121 124 124 127 129 126 123 123
110 126 126 128 128 131 112 100 135 159
150 141 149 145 141 121 75 73 108 137
121 118 122 127 129 127 123 124 122 127
129 129 128 129 124 121 123 124 118 135
151 145 127 129 149 97 81 85 34 39
82 128 125 120 122 116 114 118 116 118
121 125 125 134 139 131 121 126 136 131
130 145 130 155 206 198 158 82 47 65
23 31 71 104 127 123 124 113 110 102
107 107 110 134 131 129 129 148 137 127
139 119 130 117 118 138 210 161 171 156
111 126 88 72 84 94 116 109 121 119
127 130 118 115 124 125 143 149 134 126
132 135 142 98 99 89 84 153 223 135
135 197 162 145 92 86 112 125 97 89
116 125 130 119 105 113 121 123 106 116
123 119 124 131 141 61 79 141 81 102
154 70 119 164 110 106 109 142 104 129
123 107 105 123 125 114 107 111 120 121
116 109 119 111 114 122 140 99 104 143
50 109 148 56 87 133 85 61 70 122
129 136 120 128 106 114 106 107 106 118
116 105 105 122 136 135 129 130 133 125
97 95 52 90 120 105 91 103 39 64
46 85 149 128 109 118 104 112 108 119
116 124 121 94 107 134 121 123 138 134
127 120 125 151 88 123 145 146 78 79
46 70 41 39 114 114 103 105 94 105
107 115 124 149 139 93 113 124 108 122
146 148 133 143 153 156 159 161 187 161
92 53 13 75 47 51 84 85 90 98
99 97 114 119 126 131 143 119 121 105
114 107 127 121 106 144 154 134 158 146
168 163 99 90 72 33 3 27 20 78
71 86 99 97 115 117 128 138 148 138
138 139 137 112 137 131 117 120 109 120
155 144 165 179 127 81 78 13 38 0
22 98 70 71 104 115 116 117 138 144
145 116 130 123 124 117 142 136 119 103
86 115 153 124 134 181 175 132 90 72
68 34 58 113 86 82 121 122 117 119
138 146 151 120 120 118 113 116 128 132
129 128 86 111 147 83 78 123 171 195
186 150 131 73 67 112 119 130 153 113
118 148 141 139 150 113 120 119 108 125
125 125 132 142 62 79 107 70 43 56
101 190 201 167 203 124 91 113 112 101
114 136 162 170 126 129 126 143 149 118
128 126 133 129 140 117 24 64 119 87
32 55 40 135 187 230 255 160 103 103
105 105 136 178 161 135 130 129 121 134
131 108 117 122 110 79 64 95 30 91
115 77 53 70 50 115 145 193 226 198
128 89 62 84 129 136 143 129 130 129
125 111 105 105 109 97 95 111 129 119
65 61 108 84 70 97 83 126 171 182
188 180 155 123 105 109 99 110 110 126
129 129 130 112 94 76 83 116 111 135
136 126 115 115 93 104 62 113 159 140
174 167 134 111 136 120 104 108 91 120
120 134 146 136 130 95 77 71 87 101
132 139 133 133 110 104 117 106 84 88
117 104 111 106 80 123 142 125 120 102
88 118 132 159 143 147 137 73 76 70
84 110 132 138 141 123 111 87 120 123
125 141 115 99 128 100 118 150 137 122
126 107 89 116 129 165 155 150 146 76
75 69 88 132 159 146 155 119 101 72
83 102 86 119 115 120 141 132 138 145
123 125 128 118 101 111 118 138 172 169

