P2
32 30
255
68 100 89 83 108 106 102 108 110 112
111 113 109 114 116 112 116 107 109 112
122 115 113 114 112 116 113 116 115 112
114 113 113 116 101 105 110 96 97 103
114 109 107 116 111 114 115 108 115 110
109 114 112 118 110 118 110 119 114 110
115 108 113 112 112 98 81 100 113 89
78 101 102 102 101 105 109 102 116 117
121 115 111 117 113 124 115 114 110 117
111 111 116 105 111 110 110 113 96 92
106 97 94 115 107 108 110 114 120 117
129 127 129 127 125 117 118 123 115 109
113 116 114 110 110 112 112 113 112 123
101 95 111 115 99 115 98 96 112 120
128 134 144 137 136 129 132 127 112 109
110 115 109 116 114 112 109 111 114 112
112 102 97 86 99 102 98 118 101 94
101 116 137 141 140 143 136 134 152 152
132 120 105 116 114 115 113 113 106 110
107 110 107 95 104 105 108 92 83 84
88 101 105 117 121 127 129 130 121 121
132 165 191 153 117 108 108 116 111 112
107 112 111 115 114 93 110 117 120 104
107 113 109 118 100 98 135 167 118 88
85 98 99 132 176 186 139 111 111 120
120 116 108 115 110 111 110 103 116 105
116 108 111 121 117 117 83 92 137 110
85 77 142 155 103 86 101 126 141 118
109 105 113 110 116 117 114 115 111 107
123 136 110 114 117 115 118 124 103 63
118 67 61 119 121 92 115 109 92 88
104 133 120 105 111 105 115 114 113 110
108 106 102 102 114 111 109 88 99 100
91 46 85 49 81 77 36 71 109 77
82 88 90 137 120 111 118 106 117 113
108 100 105 84 89 87 108 118 119 85
108 89 71 55 87 109 134 77 80 109
107 149 105 101 118 139 122 110 119 117
124 119 113 111 116 94 130 128 106 93
92 119 141 118 85 98 100 133 173 135
106 124 169 198 154 103 115 129 119 110
117 126 121 106 104 105 104 97 122 122
107 100 85 104 127 142 104 144 132 141
142 153 140 123 162 180 154 128 104 103
112 93 117 123 113 105 106 107 108 120
118 98 100 111 90 85 109 137 73 133
160 134 122 145 159 156 121 104 134 96
64 96 118 101 115 113 112 105 99 112
105 80 92 74 104 99 93 88 109 102
95 117 182 132 114 152 131 111 110 114
135 77 47 99 110 104 113 108 111 107
100 111 113 86 109 93 116 97 90 90
115 80 104 129 153 139 60 112 110 92
71 83 105 78 66 102 104 105 112 100
95 101 108 126 126 96 112 97 115 105
120 133 135 117 92 77 125 97 4 74
93 85 57 40 125 65 90 96 105 125
123 110 114 109 104 111 131 111 109 93
110 103 117 113 114 122 78 44 80 77
53 82 98 87 38 92 106 74 106 91
117 128 121 108 121 112 117 132 135 132
129 107 119 93 117 105 116 98 80 0
28 75 79 78 93 98 91 119 72 23
67 80 113 111 106 107 121 111 113 134
132 122 128 106 114 99 121 101 95 107
93 35 40 136 108 126 172 150 102 132
124 52 92 96 120 115 110 101 119 118
117 132 131 118 122 117 117 107 107 125
124 111 128 115 89 128 170 202 224 203
205 196 167 99 66 84 150 125 103 100
115 127 120 128 118 109 117 115 111 114
108 116 113 99 141 164 112 110 162 211
232 255 184 151 126 112 89 90 125 97
116 128 136 135 102 114 110 124 131 113
118 114 96 99 118 120 127 161 139 92
117 145 178 200 113 118 100 146 99 132
143 102 129 138 124 115 114 115 106 119
114 99 104 104 120 97 100 115 105 150
170 122 87 82 110 125 77 89 122 138
101 114 109 119 129 108 97 83 101 118
109 102 102 112 133 138 109 85 96 110
92 147 156 150 94 45 34 97 73 126
131 153 117 123 108 93 104 68 67 97
124 127 123 85 93 105 122 115 97 119
97 113 98 135 125 169 157 76 50 34
101 161 148 175 140 114 81 79 93 39
66 57 124 129 125 75 75 101 134 105
116 114 114 157 137 118 122 137 89 118
111 108 130 159 132 137 97 116 110 92
102 76 66 80 104 122 124 86 94 129
115 118 103 117 135 128 104 74 91 82
80 67 49 81 89 85 104 109 93 98
108 95 122 75 110 91 117 132 133 95
111 125 111 130 124 101 131 121 102 92
122 118 118 90 90 87 121 131 108 106
104 99 120 120 124 101 115 80 120 136

