P2
32 30
255
100 104 97 112 107 97 103 111 104 98
103 101 110 102 98 108 109 109 115 113
108 108 113 111 112 109 108 106 105 104
104 102 103 124 119 113 113 111 110 114
98 100 107 101 102 103 99 105 105 104
108 100 103 104 107 101 103 100 99 100
99 105 104 104 104 126 116 103 93 103
109 109 95 98 105 98 101 110 107 110
108 102 108 100 102 101 100 99 101 100
101 102 99 104 105 103 104 88 108 119
104 103 107 102 96 100 107 97 110 121
115 121 121 113 110 98 98 97 100 106
107 105 100 103 106 106 103 103 104 81
100 103 98 88 96 92 90 100 110 112
123 124 116 117 121 116 107 96 97 102
109 105 122 121 100 97 101 105 102 102
104 113 106 114 116 102 114 102 107 106
125 105 120 112 104 93 106 122 113 99
92 107 133 123 118 133 114 95 99 100
102 101 103 117 117 114 113 120 122 133
127 121 124 115 105 97 63 71 86 84
94 96 85 91 123 129 107 132 113 96
99 98 100 101 102 106 96 89 91 116
106 107 90 96 93 111 130 102 73 70
55 46 70 105 93 74 98 111 97 110
104 100 101 99 105 109 112 119 89 95
92 95 90 81 86 92 100 122 102 103
136 87 44 36 56 84 131 113 98 98
100 104 111 111 107 105 109 105 106 122
99 106 101 92 88 119 108 99 105 115
107 152 195 147 77 56 41 79 130 128
102 98 102 115 113 104 99 101 112 107
106 117 127 129 130 128 115 156 167 149
149 142 107 144 172 130 68 39 51 65
131 141 114 104 112 118 109 105 98 101
104 106 108 141 136 131 126 114 103 129
154 148 150 160 124 143 52 38 0 43
66 92 98 89 75 98 110 111 93 98
100 96 94 100 98 140 99 114 103 118
128 112 129 113 156 170 134 151 71 37
46 88 143 143 118 76 116 123 109 102
93 97 108 111 115 113 121 98 88 102
92 98 125 140 128 128 135 129 111 99
76 104 77 59 157 147 96 126 170 133
117 111 101 103 108 112 109 108 116 66
77 115 107 101 120 165 160 170 109 122
123 128 84 194 166 83 120 91 56 140
175 110 102 120 109 115 106 122 109 94
119 108 117 135 128 119 128 127 137 145
130 168 144 168 168 186 117 59 72 81
48 122 138 81 80 80 91 115 114 122
104 99 106 118 112 104 96 118 136 143
152 125 144 151 95 162 199 191 140 84
88 93 95 98 76 95 96 103 105 118
119 122 108 92 101 123 111 108 100 102
113 113 140 173 193 165 142 201 229 191
160 99 83 76 114 79 73 101 100 108
104 118 113 116 114 97 99 93 100 126
110 117 119 114 141 186 225 213 180 217
242 197 145 89 60 107 116 88 98 90
93 107 97 112 114 111 97 100 97 87
98 123 106 143 117 109 117 199 255 202
184 192 215 176 130 79 89 97 94 100
136 97 118 128 103 99 111 116 107 109
104 96 78 106 97 130 107 114 103 174
226 207 181 180 176 114 65 70 164 118
106 135 128 81 123 138 109 105 109 106
106 108 106 129 108 110 87 110 122 123
98 139 193 181 172 106 100 56 36 108
245 190 161 132 101 64 104 136 112 122
116 98 108 106 99 114 88 100 103 98
117 113 92 118 170 210 187 85 57 29
70 199 252 188 152 148 169 129 96 99
55 102 108 105 122 112 103 107 83 115
117 98 112 148 124 124 149 134 113 60
2 56 123 234 214 176 142 147 153 125
110 119 112 121 120 124 131 124 111 109
97 129 122 114 113 144 102 94 128 108
65 67 42 102 108 180 209 175 124 89
85 93 82 84 119 172 144 133 128 124
112 112 107 108 73 76 130 148 79 81
93 70 57 80 52 77 91 151 175 142
95 84 112 120 118 125 102 144 186 152
120 114 88 110 104 109 78 100 122 138
79 85 89 67 59 75 53 50 107 143
134 131 138 109 126 123 130 137 121 156
148 164 127 113 95 114 112 88 73 108
117 119 79 73 95 96 87 90 75 63
105 138 109 129 97 113 126 124 129 120
106 148 172 124 156 124 109 129 105 50
110 120 141 164 79 76 100 102 107 108
131 153 108 104 97 63 88 103 126 122
125 133 126 151 140 133 113 144 99 126
68 56 111 116 135 170 67 87 97 105
123 117 121 126 109 75 78 78 83 100
123 120 125 133 139 161 149 149 122 131

